24 25 20 0 0 0
o7 3 12 0 0 0
o4 11 4 0 3 0
o4 10 4 0 3 4
o4 9 6 0 14 0
o2 9 6 0 14 6
o1 9 6 0 14 12
o3 9 4 4 3 0
o4 8 8 0 3 8
o6 8 7 7 0 0
o6 8 4 7 0 7
o6 3 8 0 0 12
o5 8 5 7 0 11
o5 8 4 7 0 16
o3 8 5 4 3 4
o3 8 5 4 3 9
o1 5 8 1 14 12
o4 8 4 0 3 16
o3 8 4 4 3 14
o1 4 8 1 19 12
o6 7 7 7 8 0
o6 7 7 7 8 7
o7 7 4 13 0 0
o7 7 2 13 0 4
o6 7 6 7 8 14
o6 7 5 7 15 0
o6 7 4 7 15 5
o6 3 7 7 22 0
o6 7 3 7 15 9
o6 7 2 7 15 12
o6 7 2 7 15 14
o5 7 4 7 15 16
o7 4 5 13 7 0
o3 7 5 4 12 0
o3 7 5 4 12 5
o7 4 3 13 7 5
o3 7 3 4 12 10
o3 7 2 4 3 18
o1 7 2 0 14 18
o5 6 6 13 0 6
o4 6 6 20 0 0
o4 6 6 20 0 6
o6 3 6 7 22 7
o2 6 6 2 14 6
o5 6 5 13 0 12
o5 5 6 13 11 0
o4 6 5 20 0 12
o5 4 6 13 7 8
o5 4 6 13 7 14
o4 6 5 20 6 0
o5 6 3 13 0 17
o3 6 5 4 19 0
o6 3 5 7 22 13
o2 6 5 2 14 12
o5 1 6 13 6 6
o4 6 3 20 0 17
o4 6 3 20 6 5
o3 6 4 4 19 5
o4 6 3 20 6 8
o3 6 4 4 19 9
o4 6 3 20 6 11
o4 2 6 0 23 0
o4 2 6 0 11 8
o4 2 6 0 11 14
o3 6 3 4 19 13
o6 1 2 7 22 18
o5 5 4 13 11 6
o5 5 4 13 11 10
o5 5 4 13 11 14
o5 4 5 13 16 0
o5 4 5 13 16 5
o5 5 3 13 20 0
o5 5 2 13 11 18
o5 1 5 13 6 12
o5 4 4 13 16 10
o5 4 4 13 16 14
o4 4 5 20 12 0
o3 5 4 4 19 16
o3 4 5 4 12 13
o4 5 3 20 6 14
o4 5 3 20 6 17
o5 4 2 13 16 18
o2 4 5 18 7 8
o3 3 5 4 16 13
o2 3 5 2 20 6
o5 1 3 13 6 17
o5 2 2 7 23 18
o2 1 5 0 13 4
o4 4 3 20 12 5
o4 2 4 0 23 6
o2 4 4 18 7 13
o1 4 4 12 15 16
o4 3 3 20 16 0
o4 3 3 20 16 3
o3 4 2 4 12 18
o2 4 3 18 7 17
o3 1 4 4 24 16
o1 3 4 12 19 16
o3 3 2 4 16 18
o1 3 3 6 0 12
o1 1 2 4 10 18
v1 8 9 12 0 11
v3 1 16 4 11 4
v1 2 2 0 21 18
v2 7 14 18 0 6
v2 14 20 18 11 0
v2 6 3 2 14 17
v5 5 17 13 20 3
v4 1 6 20 11 14
v2 3 9 2 20 11
v1 2 2 12 23 18
v2 1 11 0 13 9
v2 1 16 2 13 4
v4 4 12 20 12 8
v4 2 10 0 23 10
v4 6 20 20 19 0
v4 3 14 20 16 6
v1 3 5 6 0 15
v2 1 2 5 10 18
